study on:  [87 22 10 46 4 5 61 38 14]
study off: [87 22 10 46 4 5 40 38 14]

kitchen:   [87 22 10 43 126 9 40 38 20]

living:    [87 22 10 43 219 96 70 39 20]

bedroom:   [87 22 10 43 118 96 40 33 19]

SUN
30.5:  [87 22 10 46 4 5 61 38 14]
30.0:  [87 22 10 46 4 5 60 38 14]
29.5:  [87 22 10 46 4 5 59 38 14]


SNOW
7:     [87 22 10 46 4 9 59 38 14]
7.5:   [87 22 10 46 4 9 59 38 15]
8:     [87 22 10 46 4 9 59 38 16]

NIGHT
19:    [87 22 10 46 4 3 59 38 15]
19.5:  [87 22 10 46 4 3 59 39 15]

OFF:   [87 22 10 46 4 96 59 39 15]

AUTO:  [87 22 10 46 4 17 59 39 15]


Packet format:

IDENT0 IDENT1 IDENT2 ADDR0 ADDR1 MODE SUNTEMP*2 NIGHTTEMP*2 SNOWTEMP*2
